1	0.018396300705295
2	0.002927675615747
3	0.001682310704445
4	0.001714540140128
5	0.001655822987150
6	0.001707773959923
7	0.001577965247682
8	0.002258638220925
9	0.001741462781268
10	0.004228152236368
11	0.002455081426128
12	0.003335301543718
13	0.003491732186279
14	0.002896703795538
15	0.002333192362799
16	0.002743115440443
17	0.002651963359757
18	0.002819377911437
19	0.002750619548087
20	0.004560747038600
21	0.037977908440506
22	0.132280784414566
23	0.125056404537820
24	0.149830485805238
25	0.142918254512153
26	0.149672951309675
27	0.163206180602118
28	0.161098310261279
29	0.176032177402215
30	0.130821280607443
31	0.122557663233043
32	0.049805415322243
33	0.003987521913275
34	0.004856600598898
35	0.006051624222305
36	0.002780840722565
37	0.001778745083780
38	0.008129847387720
39	0.028884329767832
40	0.037963312344778
41	0.040402564120660
42	0.066408257208518
43	0.062157785312759
44	0.007365728671789
45	0.016167225836389
46	0.006715877175034
47	0.013364996766595
48	0.015741828343002
49	0.008781296386127
50	0.004182620034433
51	0.006026576971681
52	0.005007600048040
53	0.008710053669838
54	0.014108734895592
55	0.017138298322776
56	0.079539166000062
57	0.168069906414757
58	0.104479122219912
59	0.008752595834736
60	0.009239328864635
61	0.015839376196610
62	0.022867317771184
63	0.023113180346060
64	0.017103475966052
65	0.012074490714797
66	0.013713219146467
67	0.017798667968311
68	0.008877741310362
69	0.003605692830102
70	0.005185729559599
71	0.002344649828842
72	0.000846927092634
73	0.001346702661057
74	0.016410853967170
75	0.004276883858195
76	0.004104013339786
77	0.003843921573845
78	0.003186661525643
79	0.003299574122091
80	0.003940608135525
81	0.002852470483677
82	0.014245726821151
83	0.003011918881334
84	0.008558116609330
85	0.013197503643720
86	0.008782619082412
87	0.014520238774083
88	0.055993003493192
89	0.120378733328907
90	0.174073427668325
91	0.151878365964165
92	0.019973821855262
93	0.004018692035484
94	0.014357837905206
95	0.019345795187599
96	0.021552616619279
97	0.019212629683174
98	0.015448756575277
99	0.020132173895532
100	0.015540374356542
101	0.018802276035483
102	0.007417930010277
103	0.002661569739055
104	0.003030295438287
105	0.002244406120800
106	0.001993145344933
107	0.002598640300843
108	0.002646906487063
109	0.004187946275660
110	0.009261641686287
111	0.018507336104226
112	0.021563242433185
113	0.025889741543859
114	0.025507577502205
115	0.033523621528289
116	0.040729447773260
117	0.030522997487647
118	0.012794480508381
119	0.017571109148053
120	0.016250157006507
121	0.014036191853500
122	0.010917300535202
123	0.009620394440682
124	0.010398681504380
125	0.003670311061429
126	0.006477375786773
127	0.009655549763927
128	0.010011403951233
129	0.007207335727703
130	0.012741562205568
131	0.026430885671280
132	0.098777648408877
133	0.115797308316137
134	0.102571098400781
135	0.117088157549517
136	0.074401029005246
137	0.004492405229847
138	0.005294039003058
139	0.015950898809302
140	0.016865671273743
141	0.018943350122637
142	0.015679836933037
143	0.013343043621795
144	0.007386579964724
145	0.005181501551542
146	0.006211716178709
147	0.007067876457218
148	0.005555443929634
149	0.005594340496376
150	0.004809244692815
151	0.003237821023933
152	0.002916220968073
153	0.004280685054423
154	0.004759265468456
155	0.008185382803839
156	0.006731758630568
157	0.004315662416075
158	0.002855170193837
159	0.002383679386260
160	0.002941813052476
161	0.002387834656565
162	0.004251345745561
163	0.013840882420635
164	0.008336164001822
165	0.009495329497214
166	0.008992326827096
167	0.014130934234553
168	0.007373358329211
169	0.014319526234383
170	0.015900884857440
171	0.009824028851605
172	0.011950104409495
173	0.018062000981640
174	0.036604563833611
175	0.021354763699007
176	0.034771277131244
177	0.077810615164638
178	0.161975355685730
179	0.155271820564705
180	0.157318465725431
181	0.162490582302259
182	0.167106293334267
183	0.174208371612711
184	0.174497859646170
185	0.184693288967311
186	0.164487707504657
187	0.157667182519734
188	0.145453651542703
189	0.126441913436904
190	0.148376316079990
191	0.171368390639880
192	0.164185301649667
193	0.156376814290760
194	0.134015435706023
195	0.128733735876266
196	0.038262600454242
197	0.004172647262723
198	0.005184647309624
199	0.004183508476253
200	0.003597975912728
201	0.003787104534653
202	0.005128336903191
203	0.001716685010710
204	0.002109587161273
205	0.002981076530440
206	0.002904202229359
207	0.003913171418207
208	0.006921379898120
209	0.004480399266296
210	0.007163447481231
211	0.008660610335214
212	0.008849179014504
213	0.019150736156806
214	0.022468599732222
215	0.019129224710647
216	0.021220833211424
217	0.015939212179711
218	0.014834975113834
219	0.015440261473411
220	0.013311330206705
221	0.041610598903551
222	0.115658531340002
223	0.165134191266686
224	0.171283524569457
225	0.155224409643582
226	0.170306126692049
227	0.157683408793044
228	0.164721530106432
229	0.162310371176723
230	0.153735468778467
231	0.163328327620209
232	0.147683388081632
233	0.156892762877092
234	0.151785869999274
235	0.149531808926949
236	0.139653685998939
237	0.080881225921862
238	0.006812560480744
239	0.018075038484559
240	0.016949949717598
241	0.025851095010268
242	0.025706296655086
243	0.024980127736066
244	0.008126180822893
245	0.004224509063338
246	0.006464872490969
247	0.004199802356913
248	0.004223557972429
249	0.002727397776164
250	0.001974873392146
251	0.001979969249056
252	0.001793291795219
253	0.001959574818099
254	0.001684340261418
255	0.001990955476634
256	0.001540157560081
257	0.001796962780594
258	0.001493321494793
259	0.004714188940057
260	0.008891604846419
261	0.019716106187122
262	0.016132016275478
263	0.012030817996211
264	0.016703803392069
265	0.021699015787363
266	0.016399341593397
267	0.007792411400888
268	0.004074206775538
269	0.001545117148959
270	0.001531689600650
271	0.001464243544178
272	0.001077600777993
273	0.001282787090510
274	0.003140274205717
275	0.004329115223393
276	0.002729343448921
277	0.003256646079909
278	0.002919406493217
279	0.002722796198722
280	0.002986135074765
281	0.005020342206196
282	0.013426377863393
283	0.015938569517261
284	0.002407563811918
285	0.001878315416955
286	0.001408944031336
287	0.001586161414264
288	0.001331900142705
289	0.001511930400015
290	0.001832119973364
291	0.002639619112314
292	0.001449378136551
293	0.001129939116058
294	0.001097949893827
295	0.001142118711244
296	0.001417793359823
297	0.001237381739742
298	0.001234174914053
299	0.001879872814871
300	0.001832166123671
301	0.001813859198874
302	0.002739607639592
303	0.004558985132258
304	0.057954995766767
305	0.133169234520470
306	0.167879537952631
307	0.173887077802600
308	0.173188872503056
309	0.194165198668015
310	0.168934887258172
311	0.159682533734606
312	0.153299227490522
313	0.153204451327410
314	0.154376567213557
315	0.138694664505007
316	0.116967708420329
317	0.101830844902717
318	0.063060257141471
319	0.048354031916457
320	0.002905692691776
321	0.010216750448437
322	0.015260176529457
323	0.017345246779594
324	0.015077746816070
325	0.018787693117083
326	0.018364872003676
327	0.014033548041566
328	0.006869196618382
329	0.004235825260002
330	0.006395469268145
331	0.005113546620305
332	0.006428989684784
333	0.005871438475750
334	0.003523364569057
335	0.003289678518863
336	0.003965109177810
337	0.005195152932749
338	0.008953120930789
339	0.007978518188216
340	0.007807059443384
341	0.005636916315153
342	0.003770856247963
343	0.003838955608116
344	0.002804632718070
345	0.003881100777093
346	0.004847624757782
347	0.009302466692302
348	0.080615687306686
349	0.127756842450991
350	0.161955688657699
351	0.167281851603933
352	0.177419382037324
353	0.182327804889396
354	0.176043873512010
355	0.175692145970167
356	0.174868108712300
357	0.150317225840952
358	0.155211407642231
359	0.133426209082761
360	0.073190497030453
361	0.125549498780697
362	0.134753634285806
363	0.015098969549596
364	0.006106205967174
365	0.002552873029782
366	0.002832735267264
367	0.005023184657903
368	0.005368590687827
369	0.003848586844223
370	0.005410744564172
371	0.003583944431500
372	0.047698503927316
373	0.116123111663912
374	0.184906451010904
375	0.171264490331169
376	0.163866857491717
377	0.176742301892672
378	0.160032903253725
379	0.102181846291684
380	0.038166683440917
381	0.025665915968986
382	0.016365340182594
383	0.021404970575268
384	0.013863191946988
385	0.020790477962904
386	0.015480828140897
387	0.009919326111175
388	0.030938167266943
389	0.115366474976800
390	0.138485075769084
391	0.135891386774592
392	0.161433663083911
393	0.128780333953032
394	0.147950781797683
395	0.154112295441741
396	0.122862493092893
397	0.090899572163442
398	0.071667690647737
399	0.011130087844638
400	0.020152831285219
401	0.019116030632167
402	0.018122541125689
403	0.014123091854998
404	0.010585871194777
405	0.009518978725016
406	0.011732685449450
407	0.007889789167242
408	0.013309765163259
409	0.014926225895745
410	0.065297922708150
411	0.129870109198878
412	0.134918461877172
413	0.121648303217413
414	0.142286749537498
415	0.095278377110077
416	0.015693419470681
417	0.007724918668850
418	0.016477371104952
419	0.018508462277226
420	0.009229379130596
421	0.015344199007133
422	0.034592367975288
423	0.010691485054326
424	0.016341565677198
425	0.015966471230394
426	0.036804770372117
427	0.128042124833297
428	0.162386121275585
429	0.075703570755484
430	0.033583105701478
431	0.059990969151525
432	0.044711994397131
433	0.003364696068998
434	0.014618981492720
435	0.012966461985985
436	0.010221787288383
437	0.010229277319140
438	0.008798338575157
439	0.010326933479956
440	0.005977690981683
441	0.006679001401179
442	0.015835167455515
443	0.040186333019236
444	0.075009568608324
445	0.073921955649873
446	0.066925940016670
447	0.053148284221601
448	0.026130216719313
449	0.015036411145458
450	0.007559355869122
451	0.015021401903957
452	0.019295733929014
453	0.024341682433572
454	0.019315019389860
455	0.018423639091559
456	0.016411665901887
457	0.020212059664302
458	0.020444704637836
459	0.019351669747340
460	0.018209634772152
461	0.018972157524301
462	0.020461736809726
463	0.066602027256245
464	0.137172305856597
465	0.167520536712747
466	0.182582677556267
467	0.171505628451389
468	0.186954099052214
469	0.181557033310494
470	0.175413641310471
471	0.175044316487032
472	0.177830477391811
473	0.170348948787411
474	0.181610602348600
475	0.173833040100843
476	0.128529783011465
477	0.030896872423921
478	0.028224146267519
479	0.014223095643721
480	0.005644096533466
481	0.008035121239761
482	0.008196424544692
483	0.012820905761445
484	0.021155333635718
485	0.010057654665227
486	0.012155679135119
487	0.021245060328697
488	0.016830312078181
489	0.018014759857462
490	0.005170885601080
491	0.005411036428094
492	0.006449907730939
493	0.013855334056389
494	0.006435090009262
495	0.001843107726697
496	0.002332388257687
497	0.023318347063074
498	0.007893690286733
499	0.003080819451198
500	0.003323499823776
501	0.003474910774567
502	0.004099519154459
503	0.002749460213840
504	0.002569326323821
505	0.008425467014973
506	0.007497982801925
507	0.011345439848595
508	0.003258709515658
509	0.008996773730418
510	0.009493496536967
511	0.007976043201515
512	0.008220032990409
513	0.002785298499071
514	0.004135752952780
515	0.004731796327236
516	0.006843785134522
517	0.009523555494819
518	0.011638866841898
519	0.016411387564931
520	0.015456894479807
521	0.017608446609853
522	0.018671087658585
523	0.019451198086941
524	0.016371670380406
525	0.014087920075348
526	0.007213461450073
527	0.006782094526456
528	0.031050048718749
529	0.067377844884503
530	0.124676279723690
531	0.145365243791766
532	0.099386805026914
533	0.004942275405724
534	0.008410194306997
535	0.011016542378716
536	0.008405168625072
537	0.004822303739654
538	0.009370084605211
539	0.006098512544315
540	0.013742311021858
541	0.009198531452460
542	0.012008102431754
543	0.005559407182591
544	0.007665494687681
545	0.005850504710312
546	0.008096304611952
547	0.005740149477579
548	0.004489259229320
549	0.005444874604233
550	0.007042446397476
551	0.005310822120310
552	0.006442153664434
553	0.014738852455874
554	0.062091584581741
555	0.082970463007268
556	0.125977586478010
557	0.150523509278949
558	0.163808623872045
559	0.160738573576343
560	0.157665399565629
561	0.149800887231729
562	0.162353897303371
563	0.144870989328726
564	0.161690357353982
565	0.146206072524438
566	0.139227637903689
567	0.125859115828391
568	0.123219154540352
569	0.087963151573302
570	0.070847897283000
571	0.064395213393220
572	0.051409018714317
573	0.040114520322305
574	0.046410664253926
575	0.054268706782473
576	0.069363445433552
577	0.047659285005838
578	0.059025941082759
579	0.078939201279743
580	0.060429833145780
581	0.055566397043318
582	0.094393499085718
583	0.110728171305421
584	0.084956059557948
585	0.090320289887807
586	0.132661106244023
587	0.085695869283333
588	0.123467411000641
589	0.115989885540719
590	0.119600735365046
591	0.090883913399871
592	0.068578821125597
593	0.093257088802607
594	0.095946336154674
595	0.106971526783940
596	0.078141578204432
597	0.093873040779992
598	0.082650570915462
599	0.080611554227139
600	0.073369100038088
601	0.082276097942720
602	0.084744216066134
603	0.064089970762560
604	0.057687946415140
605	0.051833886087771
606	0.064429845948091
607	0.054721058011342
608	0.025297659566803
609	0.037255850163628
610	0.019839006825318
611	0.026875398120778
612	0.058226237311027
613	0.048042606474881
614	0.046497701972563
615	0.005894950066873
616	0.000640065665174
617	0.000798698488371
618	0.033005218228589
619	0.046305206614492
620	0.049435169016756
621	0.020139445493597
622	0.017610190054304
623	0.028653238214470
624	0.024165263723565
625	0.075715423693947
626	0.089564520301866
627	0.144786498852129
628	0.153493747114427
629	0.145125036900781
630	0.141214495744741
631	0.149372535635149
632	0.125730643534573
633	0.108247749207494
634	0.079817553715379
635	0.126488132990651
636	0.107972527287039
637	0.103557101469465
638	0.042674757484346
639	0.065864501212651
640	0.008744982181326
641	0.008428750440033
642	0.003532906985962
643	0.002163514856275
644	0.002403151245836
645	0.008961649296924
646	0.007431167839536
647	0.005480868744851
648	0.007417325743476
649	0.003249364882556
650	0.015085431534192
651	0.101819529577943
652	0.136696460654647
653	0.101220080771314
654	0.062662930863350
655	0.051749650378530
656	0.049991122997046
657	0.044028437231734
658	0.003377170087963
659	0.002615228963758
660	0.002993785033205
661	0.003285814279092
662	0.003069253012376
663	0.002578437705870
664	0.002704858022320
665	0.002930094763351
666	0.002875546510839
667	0.002792005962705
668	0.002406165127758
669	0.002205690728404
670	0.002172270202624
671	0.002308254268378
672	0.002027232419612
673	0.002180963395686
674	0.001718026870481
675	0.001984825410294
676	0.001600807321529
677	0.001913456239742
678	0.001562473806688
679	0.001927087581448
680	0.002520604579799
681	0.003242306251495
682	0.005611672823294
683	0.003527577017624
684	0.008588293005213
685	0.015431771078013
686	0.008250169511422
687	0.025667956472066
688	0.047779906151699
689	0.032193459816775
690	0.031594913839221
691	0.053353147341441
692	0.074432335715344
693	0.064818328967362
694	0.029068680086329
695	0.036403611042471
696	0.038875684692400
697	0.032517579884364
698	0.047115199541421
699	0.051371545073617
700	0.033697544721901
701	0.085761667059949
702	0.112006360660093
703	0.090187048761067
704	0.057362871264466
705	0.039800153020372
706	0.040014705387298
707	0.091185660495093
708	0.011888312186632
709	0.005390786694563
710	0.007694370146816
711	0.009397074761402
712	0.004734889526260
713	0.003051866016687
714	0.002422535984866
715	0.001418577887936
716	0.000794209626419
717	0.001284644283334
718	0.001986390929951
719	0.001166222618221
720	0.000947686861872
721	0.000939644901909
722	0.002933083804854
723	0.009185237137286
724	0.007642326667903
725	0.003582084145633
726	0.002156297006971
727	0.002763624302053
728	0.002802123588599
729	0.002581839859979
730	0.002266318573291
731	0.003520277688595
732	0.002650339804429
733	0.002754938601755
734	0.003456443335962
735	0.002742378357430
736	0.002867937535402
737	0.002288581926722
738	0.010444903496527
