1	1.043268994918538
2	1.006763995412785
3	1.003881175881439
4	1.003955677690004
5	1.003819950811749
6	1.003940036477876
7	1.003640008053363
8	1.005214253847785
9	1.004017916510355
10	1.009783226217911
11	1.005669042441396
12	1.007709381036346
13	1.008072418159589
14	1.006692200345309
15	1.005386831032635
16	1.006336246335360
17	1.006125053191396
18	1.006512975330761
19	1.006353634815012
20	1.010556842509113
21	1.091384818806027
22	1.356065866268077
23	1.333694636170810
24	1.411986309342820
25	1.389691030691149
26	1.411474223138199
27	1.456150221469970
28	1.449099845880122
29	1.499795953077829
30	1.351516277346057
31	1.326043170792690
32	1.121515849030267
33	1.009223888784182
34	1.011245496662060
35	1.014031915699706
36	1.006423666206740
37	1.004104110804755
38	1.018895976784680
39	1.068770184470255
40	1.091348139340214
41	1.097495034806849
42	1.165220877071821
43	1.153872399799277
44	1.017104858077144
45	1.037927994841388
46	1.015584063148280
47	1.031252458148098
48	1.036911827671548
49	1.020425484675932
50	1.009677364307209
51	1.013973434691565
52	1.011597156809756
53	1.020258105342586
54	1.033020012000899
55	1.040251374541899
56	1.200989377013515
57	1.472549512979231
58	1.271976601056211
59	1.020358051614747
60	1.021502253061127
61	1.037144756911575
62	1.054064817614936
63	1.054661713203453
64	1.040167969033081
65	1.028192639848011
66	1.032079659980136
67	1.041834339554542
68	1.020652118425820
69	1.008336975183606
70	1.012012156940556
71	1.005413355287273
72	1.001952024422318
73	1.003105710227947
74	1.038510409326149
75	1.009896539044265
76	1.009494630652250
77	1.008890242049500
78	1.007364545176840
79	1.007626484802157
80	1.009114875315146
81	1.006589672995086
82	1.033345914650656
83	1.006959303703869
84	1.019901232503399
85	1.030854814617121
86	1.020428592509692
87	1.033999285776823
88	1.137608958736007
89	1.319406846476738
90	1.493046822824268
91	1.418660138043157
92	1.047065431760709
93	1.009296325257991
94	1.033612702486598
95	1.045552380574111
96	1.050878765574812
97	1.045231837320121
98	1.036212332093689
99	1.047447281371563
100	1.036430952161714
101	1.044244691170254
102	1.017227119418761
103	1.006147308426452
104	1.007001912664529
105	1.005181312891604
106	1.004599934123967
107	1.006001527854834
108	1.006113338060538
109	1.009689747191186
110	1.021554736304778
111	1.043535759990217
112	1.050904477572710
113	1.061426048698199
114	1.060492441517192
115	1.080248374618516
116	1.098321405500548
117	1.072810455584660
118	1.029898630173747
119	1.041288588911878
120	1.038126212423338
121	1.032847474335888
122	1.025456637585506
123	1.022398949164225
124	1.024232804598944
125	1.008487015771713
126	1.015026488226735
127	1.022481713790142
128	1.023319862842278
129	1.016733974114443
130	1.029773145808709
131	1.062749442146259
132	1.255387061720931
133	1.305561421016797
134	1.266400573128444
135	1.309447701151773
136	1.186864196764550
137	1.010397830936020
138	1.012264575857138
139	1.037411119828812
140	1.039598564805184
141	1.044583953587770
142	1.036763828925418
143	1.031200330701638
144	1.017153692362060
145	1.012002304697655
146	1.014405782476049
147	1.016407536131472
148	1.012874048483984
149	1.012964768235181
150	1.011135235450015
151	1.007483218801433
152	1.006737442059570
153	1.009905378280947
154	1.011018879269719
155	1.019026276460260
156	1.015621202114398
157	1.009986717670744
158	1.006595930290372
159	1.005503714716721
160	1.006796768783262
161	1.005513335284997
162	1.009837155159935
163	1.032383090121617
164	1.019380130089164
165	1.022104568593258
166	1.020921445771889
167	1.033072817063983
168	1.017122726666590
169	1.033521525451963
170	1.037291657011510
171	1.022878449673686
172	1.027898197307859
173	1.042466243895235
174	1.087939046056059
175	1.050400122425486
176	1.083356210014207
177	1.196218776810816
178	1.452029218936109
179	1.429788568857209
180	1.436542455802902
181	1.453752860561760
182	1.469285840537573
183	1.493510814287708
184	1.494506676901075
185	1.530006546192180
186	1.460453411428882
187	1.437696390914449
188	1.397827729416139
189	1.337956252535182
190	1.407266392020922
191	1.483776165799970
192	1.459436829471369
193	1.433431072002536
194	1.361493071828974
195	1.345035465616309
196	1.092100486206937
197	1.009654179195115
198	1.012009635037071
199	1.009679429819323
200	1.008319058345342
201	1.008758261540056
202	1.011878426877712
203	1.003960635985368
204	1.004869320747863
205	1.006887794875846
206	1.006709581823369
207	1.009051126116883
208	1.016064738554843
209	1.010369899123940
210	1.016631231808281
211	1.020141958134643
212	1.020584995286146
213	1.045082886602746
214	1.053097543541225
215	1.045031122906860
216	1.050076243314293
217	1.037383204032333
218	1.034748904102388
219	1.036192063258627
220	1.031125032277432
221	1.100552079931296
222	1.305144301000662
223	1.462629037724219
224	1.483486247425896
225	1.429632490675440
226	1.480151353708794
227	1.437750107669683
228	1.461239926051703
229	1.453149748842205
230	1.424739512369474
231	1.456559827002002
232	1.405022852642795
233	1.435135022327453
234	1.418358024221458
235	1.411015579350360
236	1.379283960852850
237	1.204706423260791
238	1.015810179203080
239	1.042497539159782
240	1.039800327099568
241	1.061331599852849
242	1.060977799700876
243	1.059205257400489
244	1.018887374712730
245	1.009774755468826
246	1.014997266133725
247	1.009717311729959
248	1.009772544097099
249	1.006299826418206
250	1.004557668755206
251	1.004569455946580
252	1.004137743876293
253	1.004522282560263
254	1.003885867257650
255	1.004594868584120
256	1.003552639556075
257	1.004146231643706
258	1.003444418234993
259	1.010913948495499
260	1.020684700173650
261	1.046444274620350
262	1.037843850305569
263	1.028089249839655
264	1.039211163471243
265	1.051233072887339
266	1.038482880628373
267	1.018104627477770
268	1.009425349242313
269	1.003564100067634
270	1.003533072279619
271	1.003377235409344
272	1.002484348379424
273	1.002958092980150
274	1.007256953558944
275	1.010018003739791
276	1.006304334729100
277	1.007526890410990
278	1.006744826448114
279	1.006289164201109
280	1.006899522900069
281	1.011626837408049
282	1.031398220719401
283	1.037381668929387
284	1.005559014841690
285	1.004334347307740
286	1.003249481679578
287	1.003658949298668
288	1.003071520897300
289	1.003487415332388
290	1.004227523009530
291	1.006096455821121
292	1.003342891532183
293	1.002605168533987
294	1.002531321456227
295	1.002633286543368
296	1.003269924432225
297	1.002853239509937
298	1.002845834479959
299	1.004337948898573
300	1.004227629723783
301	1.004185299155497
302	1.006328118180313
303	1.010552742749683
304	1.142759908928056
305	1.358842853080627
306	1.471904177688000
307	1.492406314130460
308	1.490008934276302
309	1.563742352080578
310	1.475485300679560
311	1.444383550353114
312	1.423309104726552
313	1.422998529613594
314	1.426844242716176
315	1.376241546977743
316	1.309084583561558
317	1.264243836166716
318	1.156272660652162
319	1.117774073179547
320	1.006713036772565
321	1.023803831312549
322	1.035762483988432
323	1.040747189537567
324	1.035327493030576
325	1.044209627682021
326	1.043193499131842
327	1.032841186790729
328	1.015942659165448
329	1.009801067013338
330	1.014835075601863
331	1.011843967049263
332	1.014913407261162
333	1.013611288205659
334	1.008145845051360
335	1.007603525822215
336	1.009171806878165
337	1.012034115938536
338	1.020829286337716
339	1.018541006001751
340	1.018138967060639
341	1.013064078542522
342	1.008720521509937
343	1.008878705900801
344	1.006478802719494
345	1.008976615104062
346	1.011224596822233
347	1.021650770079673
348	1.203970060464784
349	1.342013369615651
350	1.451963465273686
351	1.469879901556555
352	1.504594195480118
353	1.521695670210767
354	1.499836345058575
355	1.498622145453828
356	1.495781331912595
357	1.413569694745686
358	1.429589690671972
359	1.359647126196272
360	1.183560593720455
361	1.335209761629235
362	1.363809258090694
363	1.035378087770522
364	1.014159366339269
365	1.005895517945438
366	1.006543932571224
367	1.011633458514145
368	1.012438357727246
369	1.008901079790336
